kd = 751.45
percent bound = 0.48

dw for fully bound
0.025204
0.107381
0.049439
0.006354
0.027762
0.151419
0.069347
0.122687
0.120037
0.163876
0.034814
0.057644
0.065206
0.073269
0.011241
0.075725
0.073523
0.135676
0.082817
0.008746
0.023762
0.008504
0.009528
0.008613
0.014492
0.013748
0.003878
0.005939
0.014713
0.160433
0.027249
0.010552
0.041681
0.011387
0.048999
0.038218
0.027578
0.010938
0.015317
0.004446
0.095342
0.309910
0.003849
0.007978
0.004667
0.003949
0.003274
0.005418
0.013523
0.010656
0.006304
0.003909
0.019211
0.039040
0.023316
0.063998
0.061290
0.069468
0.071758
0.027661
0.027089
0.026314
0.017284
0.036338
0.012960
0.022413
0.036351
0.055403
0.155413
0.029244
0.137844
0.007071
0.029518
0.019976
0.012562
0.023853
0.018553
0.083402
0.065206

Model points [ligand radio, percent bound]
0.000000	0.000000	
0.462766	0.086117	
0.926966	0.154651	
1.390533	0.209824	
1.862500	0.254996	
2.794521	0.324299	
3.723881	0.373969	
5.600000	0.441184	
7.455446	0.483751	
