kd = 757.47
percent bound = 0.48

dw for fully bound
0.025305
0.107811
0.049638
0.006379
0.027873
0.152026
0.069625
0.123178
0.120518
0.164533
0.034953
0.057875
0.065468
0.073562
0.011285
0.076029
0.073817
0.136220
0.083148
0.008781
0.023858
0.008538
0.009566
0.008648
0.014551
0.013803
0.003894
0.005963
0.014772
0.161075
0.027359
0.010594
0.041847
0.011433
0.049195
0.038370
0.027689
0.010982
0.015379
0.004464
0.095724
0.311151
0.003864
0.008010
0.004687
0.003965
0.003287
0.005440
0.013578
0.010699
0.006330
0.003924
0.019288
0.039196
0.023410
0.064254
0.061536
0.069745
0.072045
0.027772
0.027198
0.026419
0.017354
0.036484
0.013012
0.022503
0.036497
0.055625
0.156035
0.029362
0.138396
0.007099
0.029637
0.020056
0.012613
0.023949
0.018628
0.083736
0.065467

Model points [ligand radio, percent bound]
0.000000	0.000000	
0.464041	0.086011	
0.928072	0.154144	
1.392116	0.209036	
1.856207	0.253970	
2.784229	0.322719	
3.712313	0.372526	
5.568468	0.439376	
7.424661	0.481922	
