kd = 4.67
percent bound = 0.97

dw for fully bound
0.112673
0.067963
0.071648
0.064199
0.152106
0.100625
0.111214
0.090263
0.151645
0.080887
0.100173
0.018878
0.133346
0.107447
0.158770
0.088202
0.015617
0.130201
0.116355
0.185439
0.179220
0.227198
0.330188
0.190869
0.127809

     ligand ratio      model point        exp point
         0.000000         0.000000         0.000000
         0.249940         0.222958         0.231152
         0.499888         0.428782         0.434928
         0.749816         0.604173         0.614364
         0.999773         0.734237         0.732036
         1.499645         0.866551         0.857214
         1.999555         0.916350         0.910046
         2.999281         0.952683         0.952612
         3.999083         0.966711         0.971813
