Number	Position F1	Position F2
1	114.88648	9.29112
2	115.63628	8.76574
3	114.48429	8.73736
4	113.79868	8.54238
5	113.46767	8.40048
6	128.02000	9.58103
7	128.04236	9.43946
8	126.84133	9.18535
9	128.14764	8.98316
10	133.03773	8.98929
11	125.89377	8.57287
12	124.59973	8.83679
13	125.47152	8.82944
14	125.14123	8.86301
15	120.15970	9.15307
16	119.64073	9.22312
17	121.48456	9.31475
18	121.41850	9.15712
19	122.53445	9.14292
20	116.84114	8.81790
21	117.60457	8.71957
22	116.16956	8.17132
23	117.93756	8.19625
24	114.38597	8.31896
25	115.23851	7.95268
26	123.62590	7.99287
27	123.95863	8.03372
28	124.75165	7.96233
29	125.01322	7.63532
30	122.13499	7.29516
31	118.21004	7.49936
32	119.47273	7.46731
33	119.11356	7.29280
34	115.85311	7.25346
35	115.63212	7.46536
36	115.13324	7.69841
37	117.02300	7.82919
38	109.00995	8.85898
39	109.06726	8.51038
40	111.21805	8.49010
41	105.94196	7.65110
42	102.60833	8.13606
43	103.77977	7.07564
44	112.55546	7.28846
45	109.94755	7.89823
46	110.22935	7.66600
47	109.94946	6.89642
48	110.22916	6.82402
49	104.43915	6.53172
50	111.59743	6.82798
51	112.05220	6.74886
52	112.53793	6.82798
53	111.59705	7.55650
54	112.47057	7.69158
55	112.05121	7.72743
56	111.30327	7.69555
57	111.29958	6.75952
58	120.76227	8.64532
59	122.21107	8.77616
60	121.44311	8.53034
61	120.47572	8.48568
62	120.78090	8.36832
63	121.44420	8.29377
64	122.13308	8.44818
65	120.51022	8.17542
66	122.07314	8.21483
67	123.26505	8.42088
68	123.21976	8.50555
69	123.17124	8.66346
70	123.70675	8.56101
71	123.83193	8.61454
72	118.48653	8.58200
73	118.78781	8.62932
74	119.21993	8.57840
75	119.81505	8.32909
76	120.51304	6.16674
77	122.38166	8.13201
78	119.97825	8.04483
79	120.40806	7.89010
