Number	Position F1	Position F2
1	114.90375	9.29054
2	115.65519	8.77138
3	114.46521	8.73038
4	113.80175	8.54206
5	113.46486	8.39816
6	128.09424	9.58137
7	128.03401	9.43238
8	126.91982	9.18577
9	128.16591	8.99009
10	132.98246	8.97925
11	125.91146	8.57395
12	124.58526	8.83863
13	125.47399	8.82046
14	125.17918	8.86459
15	120.15278	9.15239
16	119.61683	9.21631
17	121.52495	9.31448
18	121.37416	9.16375
19	122.55429	9.14406
20	116.84191	8.81721
21	117.61639	8.71585
22	116.16514	8.17013
23	117.93829	8.19620
24	114.38269	8.31751
25	115.23692	7.95058
26	123.62689	7.99296
27	123.96065	8.03298
28	124.75502	7.96159
29	125.01350	7.63445
30	122.17870	7.30361
31	118.19530	7.49781
32	119.47392	7.46365
33	119.12521	7.29420
34	115.85418	7.24938
35	115.64328	7.46729
36	115.14018	7.70014
37	117.04056	7.82778
38	109.00568	8.85646
39	109.08071	8.51021
40	111.21392	8.48920
41	105.88007	7.65077
42	102.61444	8.15582
43	103.78080	7.07503
44	112.55316	7.28790
45	109.95182	7.89724
46	110.22927	7.66528
47	109.95075	6.89599
48	110.23015	6.82311
49	104.43851	6.53094
50	111.60384	6.82736
51	112.04891	6.74801
52	112.53467	6.82758
53	111.60411	7.55712
54	112.46322	7.69330
55	112.05021	7.72500
56	111.26420	7.69307
57	111.26575	6.75758
58	120.80102	8.64595
59	122.25347	8.77519
60	121.45435	8.53139
61	120.47220	8.48326
62	120.78519	8.36894
63	121.45393	8.29349
64	122.14895	8.44916
65	120.51843	8.17515
66	122.07023	8.21090
67	123.27016	8.42225
68	123.19115	8.50085
69	123.09568	8.66931
70	123.71173	8.55856
71	123.82166	8.62244
72	118.49241	8.58066
73	118.78544	8.62535
74	119.21775	8.57668
75	119.80574	8.32763
76	120.51602	6.16461
77	122.38568	8.13201
78	119.99301	8.04931
79	120.42289	7.89350
