Number	Position F1	Position F2
1	114.91877	9.29173
2	115.66653	8.77797
3	114.45038	8.73072
4	113.80634	8.54312
5	113.46167	8.39740
6	128.16263	9.58977
7	128.02683	9.43061
8	126.98571	9.18788
9	128.18202	8.99874
10	132.94660	8.97230
11	125.92180	8.57580
12	124.57860	8.84371
13	125.46636	8.82219
14	125.20479	8.86832
15	120.14961	9.15430
16	119.59251	9.21499
17	121.55917	9.31874
18	121.33794	9.17130
19	122.57399	9.15141
20	116.83923	8.81888
21	117.61447	8.71671
22	116.16270	8.17153
23	117.93657	8.19781
24	114.38162	8.32010
25	115.23440	7.95071
26	123.62751	7.99449
27	123.95893	8.03359
28	124.75685	7.96285
29	125.01721	7.63741
30	122.21751	7.31246
31	118.18035	7.49872
32	119.47594	7.46537
33	119.13529	7.29752
34	115.85193	7.25228
35	115.64864	7.47112
36	115.14616	7.70328
37	117.05095	7.82857
38	109.00431	8.85728
39	109.08585	8.51090
40	111.21308	8.49021
41	105.83123	7.65113
42	102.60939	8.17278
43	103.77915	7.07569
44	112.55066	7.28876
45	109.95050	7.89773
46	110.23143	7.66604
47	109.94837	6.89689
48	110.22923	6.82367
49	104.41888	6.53058
50	111.60481	6.82805
51	112.04697	6.74861
52	112.53846	6.82784
53	111.60951	7.55870
54	112.46165	7.69572
55	112.04647	7.72457
56	111.22987	7.69252
57	111.23047	6.75714
58	120.83437	8.64966
59	122.29152	8.77838
60	121.46309	8.53369
61	120.46904	8.48267
62	120.79652	8.37156
63	121.46249	8.29431
64	122.16609	8.45106
65	120.52067	8.17631
66	122.06797	8.21125
67	123.27722	8.42556
68	123.16604	8.50182
69	123.03346	8.67574
70	123.70901	8.55767
71	123.81575	8.63100
72	118.49094	8.58280
73	118.78050	8.62769
74	119.21639	8.57648
75	119.80830	8.32805
76	120.52195	6.16445
77	122.39181	8.13386
78	120.00668	8.05453
79	120.43430	7.89765
