Number	Position F1	Position F2
1	114.86721	9.29166
2	115.61844	8.75668
3	114.51254	8.74103
4	113.79576	8.54310
5	113.47262	8.40359
6	127.91608	9.57075
7	128.05984	9.44523
8	126.73693	9.18552
9	128.12246	8.97311
10	133.09897	9.00156
11	125.87780	8.57130
12	124.60518	8.83170
13	125.48078	8.83488
14	125.10177	8.85977
15	120.16506	9.15175
16	119.67830	9.22860
17	121.43274	9.31144
18	121.46700	9.14608
19	122.49418	9.13746
20	116.84927	8.81777
21	117.60254	8.72284
22	116.17493	8.17147
23	117.94139	8.19656
24	114.39544	8.32009
25	115.24298	7.95423
26	123.62526	7.99304
27	123.95699	8.03495
28	124.75123	7.96289
29	125.01356	7.63360
30	122.07450	7.28356
31	118.23470	7.49892
32	119.47177	7.46750
33	119.10272	7.29045
34	115.85933	7.25469
35	115.62357	7.46219
36	115.12283	7.69599
37	117.00150	7.83123
38	109.01578	8.86043
39	109.05521	8.51092
40	111.21568	8.49025
41	106.02595	7.65164
42	102.61333	8.10916
43	103.78264	7.07636
44	112.56222	7.28902
45	109.95193	7.89917
46	110.22371	7.66630
47	109.95162	6.89677
48	110.22438	6.82499
49	104.44326	6.53428
50	111.58391	6.82867
51	112.05175	6.74994
52	112.53807	6.82839
53	111.58669	7.55546
54	112.47297	7.68822
55	112.05024	7.72897
56	111.34828	7.69800
57	111.34596	6.76196
58	120.71358	8.64221
59	122.15277	8.77289
60	121.43408	8.52934
61	120.48439	8.48853
62	120.76792	8.36625
63	121.42645	8.29441
64	122.10180	8.44606
65	120.50125	8.17520
66	122.08349	8.21739
67	123.25781	8.41812
68	123.25054	8.51001
69	123.26943	8.65432
70	123.70668	8.56484
71	123.84008	8.60316
72	118.48949	8.58210
73	118.79522	8.63253
74	119.22129	8.58148
75	119.80705	8.33210
76	120.49720	6.16960
77	122.37467	8.13086
78	119.95576	8.03855
79	120.38787	7.88576
