Number	Position F1	Position F2
1	114.95049	9.29191
2	115.69750	8.78849
3	114.42757	8.72584
4	113.81353	8.54323
5	113.45865	8.39378
6	128.29645	9.60020
7	128.00395	9.42008
8	127.12963	9.18793
9	128.21631	9.00888
10	132.84615	8.95421
11	125.94865	8.57886
12	124.56340	8.84733
13	125.46354	8.81194
14	125.28218	8.87353
15	120.14892	9.15441
16	119.53697	9.20629
17	121.62964	9.32231
18	121.27013	9.18383
19	122.62283	9.15785
20	116.84428	8.81828
21	117.62896	8.71284
22	116.15184	8.17197
23	117.93740	8.19880
24	114.37593	8.31820
25	115.23110	7.94874
26	123.63166	7.99665
27	123.96124	8.03402
28	124.76251	7.96343
29	125.02241	7.63605
30	122.29346	7.32939
31	118.14804	7.49787
32	119.47355	7.46254
33	119.14885	7.30191
34	115.85082	7.25022
35	115.66397	7.47637
36	115.15740	7.70680
37	117.07993	7.82522
38	108.99737	8.85604
39	109.09884	8.51103
40	111.21156	8.48829
41	105.71700	7.65083
42	102.60786	8.20787
43	103.78036	7.07547
44	112.54048	7.28930
45	109.94864	7.89748
46	110.23195	7.66516
47	109.94708	6.89698
48	110.23016	6.82278
49	104.41757	6.52983
50	111.61628	6.82804
51	112.03542	6.74804
52	112.53140	6.82705
53	111.61552	7.56007
54	112.44783	7.69997
55	112.03749	7.72047
56	111.15794	7.68875
57	111.16154	6.75414
58	120.89779	8.65342
59	122.36970	8.77830
60	121.48043	8.53644
61	120.46378	8.47904
62	120.81734	8.37176
63	121.48016	8.29408
64	122.19300	8.45254
65	120.53652	8.17662
66	122.06078	8.20798
67	123.29022	8.42770
68	123.12119	8.49594
69	122.90390	8.68716
70	123.71448	8.55474
71	123.79943	8.64629
72	118.49559	8.58063
73	118.77164	8.62039
74	119.22155	8.57418
75	119.81694	8.32625
76	120.53634	6.16216
77	122.39752	8.13548
78	120.03401	8.06373
79	120.45760	7.90481
