Number	Position F1	Position F2
1	114.93076	9.29340
2	115.67850	8.78378
3	114.43470	8.73300
4	113.80790	8.54440
5	113.46160	8.39723
6	128.21717	9.59659
7	128.02353	9.42923
8	127.04445	9.19039
9	128.20098	9.00510
10	132.90011	8.96704
11	125.93566	8.57889
12	124.57262	8.84641
13	125.46491	8.81949
14	125.23202	8.87285
15	120.15085	9.15627
16	119.57223	9.21401
17	121.58887	9.32474
18	121.30806	9.17679
19	122.60039	9.16078
20	116.84239	8.82083
21	117.62327	8.71842
22	116.15706	8.17332
23	117.94028	8.19967
24	114.38354	8.32084
25	115.23401	7.95120
26	123.62831	7.99697
27	123.95842	8.03528
28	124.75924	7.96446
29	125.02225	7.63878
30	122.24434	7.32105
31	118.16888	7.50107
32	119.47122	7.46923
33	119.13875	7.30073
34	115.85252	7.25605
35	115.65551	7.47547
36	115.14884	7.70616
37	117.06113	7.83069
38	109.00301	8.85986
39	109.09402	8.51273
40	111.21183	8.49084
41	105.79000	7.65306
42	102.61143	8.18864
43	103.78224	7.07741
44	112.54545	7.29044
45	109.94666	7.89888
46	110.22855	7.66657
47	109.94754	6.89798
48	110.22984	6.82428
49	104.42603	6.53234
50	111.61018	6.82927
51	112.04172	6.74956
52	112.53543	6.82862
53	111.61055	7.56050
54	112.45468	7.69886
55	112.04244	7.72361
56	111.20339	7.69193
57	111.20714	6.75709
58	120.85399	8.65314
59	122.32366	8.78032
60	121.46973	8.53605
61	120.46996	8.48229
62	120.80388	8.37354
63	121.46987	8.29587
64	122.17417	8.45273
65	120.52873	8.17745
66	122.06231	8.21263
67	123.28176	8.42835
68	123.15163	8.50157
69	122.98065	8.68164
70	123.70989	8.55798
71	123.80922	8.63895
72	118.49813	8.58428
73	118.77709	8.62711
74	119.21865	8.57700
75	119.82225	8.32856
76	120.52723	6.16565
77	122.39248	8.13595
78	120.01654	8.05942
79	120.44624	7.90204
