Number	Position F1	Position F2
1	114.97299	9.29692
2	115.72581	8.80681
3	114.38500	8.72903
4	113.81650	8.54671
5	113.45525	8.39359
6	128.44364	9.61638
7	127.98794	9.42117
8	127.28174	9.19730
9	128.25423	9.02897
10	132.74983	8.93925
11	125.97563	8.58609
12	124.54319	8.86094
13	125.45936	8.81136
14	125.35857	8.88430
15	120.15087	9.15900
16	119.48474	9.20714
17	121.70273	9.33564
18	121.19589	9.20191
19	122.66641	9.17508
20	116.84499	8.82608
21	117.63141	8.72020
22	116.14625	8.17634
23	117.93560	8.20297
24	114.36972	8.32266
25	115.22697	7.95058
26	123.63203	8.00185
27	123.95578	8.03717
28	124.76324	7.96727
29	125.02214	7.64469
30	122.37672	7.35150
31	118.12005	7.50375
32	119.47647	7.47041
33	119.16580	7.31158
34	115.84668	7.25774
35	115.68033	7.48634
36	115.16669	7.71473
37	117.10956	7.83060
38	108.99383	8.86049
39	109.11787	8.51521
40	111.20830	8.49244
41	105.60320	7.65488
42	102.60707	8.25022
43	103.77490	7.07901
44	112.53451	7.29267
45	109.94635	7.89942
46	110.23364	7.66786
47	109.94510	6.89970
48	110.23438	6.82514
49	104.41749	6.53336
50	111.63427	6.83083
51	112.03379	6.75026
52	112.52766	6.82906
53	111.62525	7.56514
54	112.44116	7.70652
55	112.03254	7.72062
56	111.08684	7.68797
57	111.08542	6.75467
58	120.96455	8.66572
59	122.45299	8.78807
60	121.50080	8.54220
61	120.45933	8.47907
62	120.83904	8.37978
63	121.50149	8.29754
64	122.22412	8.45855
65	120.54967	8.18026
66	122.05505	8.21323
67	123.29513	8.43720
68	123.07093	8.49756
69	122.76201	8.70434
70	123.71057	8.55460
71	123.77921	8.66735
72	118.48397	8.58811
73	118.75656	8.62660
74	119.22152	8.57495
75	119.81966	8.33075
76	120.54350	6.16363
77	122.40383	8.14075
78	120.06016	8.07649
79	120.48566	7.91532
