Number	Position F1	Position F2
1	114.98510	9.29216
2	115.73410	8.80568
3	114.37399	8.71974
4	113.81916	8.54388
5	113.45185	8.38954
6	128.48689	9.61450
7	127.97930	9.41076
8	127.32413	9.19021
9	128.26183	9.02658
10	132.71973	8.92945
11	125.98560	8.58315
12	124.54199	8.85693
13	125.45009	8.80162
14	125.38146	8.88170
15	120.14795	9.15340
16	119.46000	9.19589
17	121.72429	9.32844
18	121.16891	9.20394
19	122.67945	9.17033
20	116.84413	8.81855
21	117.64318	8.70921
22	116.14586	8.17216
23	117.93394	8.20017
24	114.36807	8.31693
25	115.22436	7.94646
26	123.63604	7.99902
27	123.96124	8.03356
28	124.76812	7.96417
29	125.02276	7.63784
30	122.40378	7.35262
31	118.10783	7.49839
32	119.47467	7.46034
33	119.16919	7.30809
34	115.84595	7.24937
35	115.68366	7.48370
36	115.17345	7.71263
37	117.11889	7.82331
38	108.98934	8.85457
39	109.12231	8.51273
40	111.20892	8.48848
41	105.56588	7.64976
42	102.60433	8.25746
43	103.77827	7.07487
44	112.53007	7.29004
45	109.94619	7.89601
46	110.23400	7.66458
47	109.94575	6.89706
48	110.23690	6.82220
49	104.41469	6.52668
50	111.62769	6.82805
51	112.03192	6.74704
52	112.52696	6.82627
53	111.62790	7.56244
54	112.42762	7.70587
55	112.03369	7.71670
56	111.06907	7.68413
57	111.06968	6.75049
58	120.98590	8.65897
59	122.47987	8.78183
60	121.50434	8.53986
61	120.45314	8.47489
62	120.84625	8.37292
63	121.50755	8.29368
64	122.23111	8.45572
65	120.55313	8.17778
66	122.04888	8.20596
67	123.30349	8.43358
68	123.05648	8.48959
69	122.71847	8.70438
70	123.71736	8.54991
71	123.77919	8.66795
72	118.48420	8.57981
73	118.75672	8.61574
74	119.21535	8.57124
75	119.80343	8.32710
76	120.55667	6.15795
77	122.40443	8.13822
78	120.06621	8.07622
79	120.50073	7.91422
